128 128
125 64
-1.253591387641678
0.34490264039841956
2.977955840000008
---
-1.740062382579339905220844167065825638296641720436171866879862418461182919644153056054840718339483225743450008259172138785492983677893366503417299549623738838303346465461290768441055486136870719850559269507357211790243666940134793753068611574745943820712885258222629105433648695946003865
0.0281753397792110489924115211443195096875390767429906085704013095958801743240920186385400814658560553615695084486774077000669037710191665338060418999324320867147028768983704831316527873719459264592084600433150333362859318102017032958074799966721030307082150171994798478089798638258639934
7.1e-29
---
-0.0546196796250071864649530649815697709767389009497105275565309173451768
0.830384141808688396396252624594582184400145429975839360020459437674071
6.3664629124105125086120660760750218787736557183806498606723001165998e-51
---
512 512
50 64
-0.5
0.0
3.0
